Here's the dictionary of accuracy results for the no noise stuff. It's pretty much what I expected.

{260: 0.832, 140: 0.769, 400: 0.91, 20: 0.346, 280: 0.924, 160: 0.785, 420: 0.928, 40: 0.539, 300:
0.895, 180: 0.812, 440: 0.925, 60: 0.466, 320: 0.912, 200: 0.835, 460: 0.952, 80: 0.521, 340: 0.895,
220: 0.855, 480: 0.936, 100: 0.543, 360: 0.922, 240: 0.847, 500: 0.936, 120: 0.594, 380: 0.934}

For the noisy stuff, it's a bit weirder

{260: 0.834, 140: 0.621, 400: 0.586, 20: 0.477, 280: 0.724, 160: 0.756, 420: 0.716, 40: 0.698, 300:
0.733, 180: 0.721, 440: 0.748, 60: 0.726, 320: 0.84, 200: 0.781, 460: 0.899, 80: 0.765, 340: 0.892,
220: 0.864, 480: 0.851, 100: 0.689, 360: 0.866, 240: 0.656, 500: 0.743, 120: 0.596, 380: 0.79}

In fact, these results will steadily decline down to .25 later

But here is what we can use to plot:

The x-axis is:

[20, 40, 60, 80, 100, 120, 140, 160, 180, 200, 220, 240, 260, 280, 300, 320, 340, 360, 380, 400,
420, 440, 460, 480, 500, 520, 540]

The y-axis is (appropriately sorted):

(all the data)
[0.477, 0.698, 0.726, 0.765, 0.689, 0.596, 0.621, 0.756, 0.721, 0.781, 0.864, 0.656, 0.834, 0.724,
0.733, 0.84, 0.892, 0.866, 0.79, 0.586, 0.716, 0.748, 0.899, 0.851, 0.743, 0.703, 0.68]

(nonoise, or with the beginning/ending frames removed)
[0.346, 0.539, 0.466, 0.521, 0.543, 0.594, 0.769, 0.785, 0.812, 0.835, 0.855, 0.847, 0.832, 0.924,
0.895, 0.912, 0.895, 0.922, 0.934, 0.91, 0.928, 0.925, 0.952, 0.936, 0.936,  0.932, 0.935]


Some per-class accuracies, with averages:

Eclipse:
[248, 246, 249, 207, 198, 0, 243, 214, 221, 248, 237, 247, 242, 248, 249, 132, 248, 54, 249, 243,
233, 247, 95, 250, 0, 248, 216] 204.148148148
[0, 250, 249, 249, 232, 249, 249, 236, 243, 223, 241, 245, 240, 246, 245, 239, 249, 241, 236, 247,
245, 241, 227, 248, 236, 0, 249] 224.259259259

Excel:
[44, 101, 172, 249, 245, 230, 222, 237, 20, 218, 246, 197, 185, 240, 224, 240, 162, 93, 221, 80,
234, 243, 216, 205, 243, 152, 239] 191.037037037
[222, 147, 196, 170, 223, 0, 220, 222, 224, 238, 228, 214, 242, 214, 226, 225, 0, 244, 233, 224,
235, 241, 224, 244, 232, 104, 0] 192.296296296

Photoshop:
[236, 249, 0, 246, 247, 247, 243, 208, 247, 237, 241, 109, 243, 235, 234, 247, 247, 239, 246, 238,
243, 245, 217, 222, 242, 246, 245] 225.888888889
[250, 197, 250, 239, 250, 0, 240, 230, 248, 244, 241, 245, 241, 246, 228, 231, 240, 244, 242, 243,
240, 246, 241, 236, 246, 240, 77] 225.0

SketchUp:
[161, 0, 200, 54, 31, 0, 73, 205, 168, 131, 0, 180, 170, 169, 159, 171, 41, 200, 0, 187, 189, 116,
215, 26, 195, 80, 65] 118.0
[71, 0, 74, 127, 107, 97, 126, 167, 132, 127, 214, 191, 189, 189, 223, 239, 50, 181, 217, 211, 232,
208, 244, 204, 221, 122, 195] 161.407407407


Actually no, it's like:

eclipse
[249, 249, 0, 249, 0, 250, 249, 249, 232, 249, 236, 243, 223, 241, 245, 240, 246, 245, 239, 241, 236, 247, 245, 241, 227, 248, 236]

excel
[0, 0, 104, 0, 222, 147, 196, 170, 223, 220, 222, 224, 238, 228, 214, 242, 214, 226, 225, 244, 233, 224, 235, 241, 224, 244, 232]

photoshop
[0, 240, 240, 77, 250, 197, 250, 239, 250, 240, 230, 248, 244, 241, 245, 241, 246, 228, 231, 244, 242, 243, 240, 246, 241, 236, 246]

sketchup
[97, 50, 122, 195, 71, 0, 74, 127, 107, 126, 167, 132, 127, 214, 191, 189, 189, 223, 239, 181, 217, 211, 232, 208, 244, 204, 221]




